Policies:,ngps - production methane capture,,,Unit: g CO2e,,,,,,,,,,,,,,,,,,,,,,,,,,,,,,,,,
Lower Bound,Upper Bound,2015.0,2016.0,2017.0,2018.0,2019.0,2020.0,2021.0,2022.0,2023.0,2024.0,2025.0,2026.0,2027.0,2028.0,2029.0,2030.0,2031.0,2032.0,2033.0,2034.0,2035.0,2036.0,2037.0,2038.0,2039.0,2040.0,2041.0,2042.0,2043.0,2044.0,2045.0,2046.0,2047.0,2048.0,2049.0,2050.0
-1150.0,-1100.0,0.0,0.0,0.0,0.0,0.0,0.0,0.0,0.0,0.0,0.0,0.0,0.0,0.0,0.0,0.0,0.0,0.0,0.0,0.0,0.0,0.0,0.0,0.0,0.0,0.0,0.0,0.0,0.0,0.0,0.0,0.0,0.0,0.0,0.0,0.0,0.0
-1100.0,-1050.0,0.0,0.0,0.0,0.0,0.0,0.0,0.0,0.0,0.0,0.0,0.0,0.0,0.0,0.0,0.0,0.0,0.0,0.0,0.0,0.0,0.0,0.0,0.0,0.0,0.0,0.0,0.0,0.0,0.0,0.0,0.0,0.0,0.0,0.0,0.0,0.0
-1050.0,-1000.0,0.0,0.0,0.0,0.0,0.0,0.0,0.0,0.0,0.0,0.0,0.0,0.0,0.0,0.0,0.0,0.0,0.0,0.0,0.0,0.0,0.0,0.0,0.0,0.0,0.0,0.0,0.0,0.0,0.0,0.0,0.0,0.0,0.0,0.0,0.0,0.0
-1000.0,-950.0,0.0,0.0,0.0,0.0,0.0,0.0,0.0,0.0,0.0,0.0,0.0,0.0,0.0,0.0,0.0,0.0,0.0,0.0,0.0,0.0,0.0,0.0,0.0,0.0,0.0,0.0,0.0,0.0,0.0,0.0,0.0,0.0,0.0,0.0,0.0,0.0
-950.0,-900.0,0.0,0.0,0.0,0.0,0.0,0.0,0.0,0.0,0.0,0.0,0.0,0.0,0.0,0.0,0.0,0.0,0.0,0.0,0.0,0.0,0.0,0.0,0.0,0.0,0.0,0.0,0.0,0.0,0.0,0.0,0.0,0.0,0.0,0.0,0.0,0.0
-900.0,-850.0,0.0,0.0,0.0,0.0,0.0,0.0,0.0,0.0,0.0,0.0,0.0,0.0,0.0,0.0,0.0,0.0,0.0,0.0,0.0,0.0,0.0,0.0,0.0,0.0,0.0,0.0,0.0,0.0,0.0,0.0,0.0,0.0,0.0,0.0,0.0,0.0
-850.0,-800.0,0.0,0.0,0.0,0.0,0.0,0.0,0.0,0.0,0.0,0.0,0.0,0.0,0.0,0.0,0.0,0.0,0.0,0.0,0.0,0.0,0.0,0.0,0.0,0.0,0.0,0.0,0.0,0.0,0.0,0.0,0.0,0.0,0.0,0.0,0.0,0.0
-800.0,-750.0,0.0,0.0,0.0,0.0,0.0,0.0,0.0,0.0,0.0,0.0,0.0,0.0,0.0,0.0,0.0,0.0,0.0,0.0,0.0,0.0,0.0,0.0,0.0,0.0,0.0,0.0,0.0,0.0,0.0,0.0,0.0,0.0,0.0,0.0,0.0,0.0
-750.0,-700.0,0.0,0.0,0.0,0.0,0.0,0.0,0.0,0.0,0.0,0.0,0.0,0.0,0.0,0.0,0.0,0.0,0.0,0.0,0.0,0.0,0.0,0.0,0.0,0.0,0.0,0.0,0.0,0.0,0.0,0.0,0.0,0.0,0.0,0.0,0.0,0.0
-700.0,-650.0,0.0,0.0,0.0,0.0,0.0,0.0,0.0,0.0,0.0,0.0,0.0,0.0,0.0,0.0,0.0,0.0,0.0,0.0,0.0,0.0,0.0,0.0,0.0,0.0,0.0,0.0,0.0,0.0,0.0,0.0,0.0,0.0,0.0,0.0,0.0,0.0
-650.0,-600.0,0.0,0.0,0.0,0.0,0.0,0.0,0.0,0.0,0.0,0.0,0.0,0.0,0.0,0.0,0.0,0.0,0.0,0.0,0.0,0.0,0.0,0.0,0.0,0.0,0.0,0.0,0.0,0.0,0.0,0.0,0.0,0.0,0.0,0.0,0.0,0.0
-600.0,-550.0,0.0,0.0,0.0,0.0,0.0,0.0,0.0,0.0,0.0,0.0,0.0,0.0,0.0,0.0,0.0,0.0,0.0,0.0,0.0,0.0,0.0,0.0,0.0,0.0,0.0,0.0,0.0,0.0,0.0,0.0,0.0,0.0,0.0,0.0,0.0,0.0
-550.0,-500.0,0.0,0.0,0.0,0.0,0.0,0.0,0.0,0.0,0.0,0.0,0.0,0.0,0.0,0.0,0.0,0.0,0.0,0.0,0.0,0.0,0.0,0.0,0.0,0.0,0.0,0.0,0.0,0.0,0.0,0.0,0.0,0.0,0.0,0.0,0.0,0.0
-500.0,-450.0,0.0,0.0,0.0,0.0,0.0,0.0,0.0,0.0,0.0,0.0,0.0,0.0,0.0,0.0,0.0,0.0,0.0,0.0,0.0,0.0,0.0,0.0,0.0,0.0,0.0,0.0,0.0,0.0,0.0,0.0,0.0,0.0,0.0,0.0,0.0,0.0
-450.0,-400.0,0.0,0.0,0.0,0.0,0.0,0.0,0.0,0.0,0.0,0.0,0.0,0.0,0.0,0.0,0.0,0.0,0.0,0.0,0.0,0.0,0.0,0.0,0.0,0.0,0.0,0.0,0.0,0.0,0.0,0.0,0.0,0.0,0.0,0.0,0.0,0.0
-400.0,-350.0,0.0,0.0,0.0,0.0,0.0,0.0,0.0,0.0,0.0,0.0,0.0,0.0,0.0,0.0,0.0,0.0,0.0,0.0,0.0,0.0,0.0,0.0,0.0,0.0,0.0,0.0,0.0,0.0,0.0,0.0,0.0,0.0,0.0,0.0,0.0,0.0
-350.0,-300.0,0.0,0.0,0.0,0.0,0.0,0.0,0.0,0.0,0.0,0.0,0.0,0.0,0.0,0.0,0.0,0.0,0.0,0.0,0.0,0.0,0.0,0.0,0.0,0.0,0.0,0.0,0.0,0.0,0.0,0.0,0.0,0.0,0.0,0.0,0.0,0.0
-300.0,-250.0,0.0,0.0,0.0,0.0,0.0,0.0,0.0,0.0,0.0,0.0,0.0,0.0,0.0,0.0,0.0,0.0,0.0,0.0,0.0,0.0,0.0,0.0,0.0,0.0,0.0,0.0,0.0,0.0,0.0,0.0,0.0,0.0,0.0,0.0,0.0,0.0
-250.0,-200.0,0.0,0.0,0.0,0.0,0.0,0.0,0.0,0.0,0.0,0.0,0.0,0.0,0.0,0.0,0.0,0.0,0.0,0.0,0.0,0.0,0.0,0.0,0.0,0.0,0.0,0.0,0.0,0.0,0.0,0.0,0.0,0.0,0.0,0.0,0.0,0.0
-200.0,-150.0,0.0,0.0,0.0,0.0,0.0,0.0,0.0,0.0,0.0,0.0,0.0,0.0,0.0,0.0,0.0,0.0,0.0,0.0,0.0,0.0,0.0,0.0,0.0,0.0,0.0,0.0,41979573.29501522,83959146.59003045,125938719.88504569,167918293.1800609,209897866.4750761,210148539.78334874,210399213.09162137,210649886.39989397,210900559.7081666,211151233.01643923
-150.0,-100.0,146994572.81920278,150204290.80628395,153414008.79336515,156623726.78044635,159833444.7675275,163043162.75460866,165757244.55111727,168471326.3476259,171185408.14413455,173899489.9406432,176613571.7371518,178628776.42825422,180643981.11935666,182659185.81045908,184674390.50156152,186689595.19266397,187903293.66603518,189116992.1394064,190330690.61277762,191544389.08614883,192758087.55952007,194779431.99525025,196800776.43098038,198822120.8667105,200843465.3024407,202864809.73817086,162291847.79053667,121718885.8429025,81145923.89526832,40572961.94763416,0.0,0.0,0.0,0.0,0.0,0.0
-100.0,-90.0,0.0,0.0,0.0,0.0,0.0,0.0,0.0,0.0,0.0,0.0,0.0,0.0,0.0,0.0,0.0,0.0,0.0,0.0,0.0,0.0,0.0,0.0,0.0,0.0,0.0,0.0,0.0,0.0,0.0,0.0,0.0,0.0,0.0,0.0,0.0,0.0
-90.0,-80.0,0.0,0.0,0.0,0.0,0.0,0.0,0.0,0.0,0.0,0.0,0.0,0.0,0.0,0.0,0.0,0.0,0.0,0.0,0.0,0.0,0.0,0.0,0.0,0.0,0.0,0.0,0.0,0.0,0.0,0.0,0.0,0.0,0.0,0.0,0.0,0.0
-80.0,-70.0,0.0,0.0,0.0,0.0,0.0,0.0,0.0,0.0,0.0,0.0,0.0,0.0,0.0,0.0,0.0,0.0,0.0,0.0,0.0,0.0,0.0,0.0,0.0,0.0,0.0,0.0,0.0,0.0,0.0,0.0,0.0,0.0,0.0,0.0,0.0,0.0
-70.0,-60.0,0.0,0.0,0.0,0.0,0.0,0.0,0.0,0.0,0.0,0.0,0.0,0.0,0.0,0.0,0.0,0.0,0.0,0.0,0.0,0.0,0.0,0.0,0.0,0.0,0.0,0.0,0.0,0.0,0.0,0.0,0.0,0.0,0.0,0.0,0.0,0.0
-60.0,-50.0,0.0,0.0,0.0,0.0,0.0,0.0,0.0,0.0,0.0,0.0,0.0,0.0,0.0,0.0,0.0,0.0,0.0,0.0,0.0,0.0,0.0,0.0,0.0,0.0,0.0,0.0,0.0,0.0,0.0,0.0,0.0,0.0,0.0,0.0,0.0,0.0
-50.0,-40.0,0.0,0.0,0.0,0.0,0.0,0.0,0.0,0.0,0.0,0.0,0.0,0.0,0.0,0.0,0.0,0.0,0.0,0.0,0.0,0.0,0.0,0.0,0.0,0.0,0.0,0.0,0.0,0.0,0.0,0.0,0.0,0.0,0.0,0.0,0.0,0.0
-40.0,-30.0,0.0,0.0,0.0,0.0,0.0,0.0,0.0,0.0,0.0,0.0,0.0,0.0,0.0,0.0,0.0,0.0,0.0,0.0,0.0,0.0,0.0,0.0,0.0,0.0,0.0,0.0,0.0,0.0,0.0,0.0,0.0,0.0,0.0,0.0,0.0,0.0
-30.0,-20.0,0.0,0.0,0.0,0.0,0.0,0.0,0.0,0.0,0.0,0.0,0.0,0.0,0.0,0.0,0.0,0.0,0.0,0.0,0.0,0.0,0.0,0.0,0.0,0.0,0.0,0.0,0.0,0.0,0.0,0.0,0.0,0.0,0.0,0.0,0.0,0.0
-20.0,-10.0,576579.641630879,461263.713304703,345947.7849785274,230631.856652352,115315.928326176,0.0,171403.700672195,342807.40134439,514211.102016584,685614.802688779,857018.503360974,881268.928145702,905519.35293043,929769.777715158,954020.202499886,978270.627284614,997968.307632884,1017665.987981154,1037363.668329424,1057061.348677694,1076759.029025964,1285939.045666944,1495119.062307925,1704299.078948906,1913479.095589886,2122659.112230867,2143398.921307204,2164138.730383541,2184878.539459878,2205618.348536215,2226358.157612552,68980594.99244368,135734831.8272748,202489068.66210592,269243305.49693704,335997542.33176816
-10.0,0.0,600690000.227755,573445178.9371186,546200357.6464822,518955536.35584587,491710715.06520945,464465893.774573,474424213.72175425,484382533.6689355,494340853.6161168,504299173.563298,514257493.51047915,578865526.3121684,643473559.1138576,708081591.9155468,772689624.7172359,837297657.5189252,845765796.3115575,854233935.1041901,862702073.8968225,871170212.689455,879638351.4820875,887713603.5897876,895788855.6974876,903864107.8051877,911939359.9128877,920014612.0205878,925435076.025173,930855540.0297581,936276004.0343432,941696468.0389284,947116932.0435137,916270309.2572086,885423686.4709034,854577063.6845983,823730440.8982933,792883818.1119882
0.0,0.0,4303285.77143507,3442628.617148056,2581971.462861042,1721314.308574028,860657.154287014,0.0,51948824.678879336,103897649.35775867,155846474.036638,207795298.71551734,259744123.39439672,207795298.71551734,155846474.03663802,103897649.3577587,51948824.67887935,0.0,0.0,0.0,0.0,0.0,0.0,0.0,0.0,0.0,0.0,0.0,0.0,0.0,0.0,0.0,0.0,46831630.28207512,93663260.56415024,140494890.84622535,187326521.1283005,234158151.41037562
0.1,10.0,313986296.33017683,351954700.1905242,389923104.05087155,427891507.911219,465859911.77156633,503828315.6319137,483173503.0735523,462518690.51519084,441863877.9568294,421209065.3984681,400554252.84010667,408126696.68876326,415699140.53741974,423271584.3860763,430844028.2347329,438416472.0833894,443054090.0241567,447691707.964924,452329325.9056913,456966943.8464586,461604561.7872259,468097950.6439255,474591339.50062513,481084728.3573248,487578117.21402436,494071506.07072395,499003654.46529365,503935802.8598633,508867951.254433,513800099.6490025,518732248.0435722,443212805.97502947,367693363.9064866,292173921.83794385,216654479.769401,141135037.7008582
10.0,20.0,150770635.2057057,171819482.00168,192868328.7976543,213917175.5936286,234966022.38960287,256014869.18557718,239937902.62679517,223860936.0680132,207783969.5092312,191707002.9504492,175630036.39166725,175308892.4691091,174987748.546551,174666604.62399286,174345460.70143476,174024316.77887663,173945134.31945667,173865951.8600367,173786769.40061677,173707586.9411968,173628404.48177683,174294228.92937392,174960053.37697098,175625877.82456803,176291702.2721651,176957526.71976215,177096660.11430946,177235793.5088568,177374926.90340412,177514060.29795143,177653193.69249877,177567825.14155078,177482456.5906028,177397088.03965476,177311719.48870674,177226350.93775874
20.0,30.0,36535.044572454,29228.035657964,21921.02674347263,14614.017828982,7307.008914491,0.0,9062.944462365,18125.88892473,27188.833387096,36251.777849461,45314.722311826,55146062.42371076,110246810.1251097,165347557.82650864,220448305.52790758,275549053.22930646,288709648.3500897,301870243.4708729,315030838.59165615,328191433.71243936,341352028.83322257,346689090.0150247,352026151.19682693,357363212.3786292,362700273.5604314,368037334.7422336,372225712.9364082,376414091.1305828,380602469.3247575,384790847.5189321,388979225.71310675,392543190.86051655,396107156.0079263,399671121.1553361,403235086.3027458,406799051.45015556
30.0,40.0,226120603.3635975,233314862.35735238,240509121.35110724,247703380.3448621,254897639.338617,262091898.33237186,268598044.9731683,275104191.61396486,281610338.2547613,288116484.8955578,294622631.53635424,244905249.92942086,195187868.32248747,145470486.71555403,95753105.10862063,46035723.50168724,36828578.80134979,27621434.101012334,18414289.400674894,9207144.700337447,0.0,29371.745351538,58743.490703076,88115.236054614,117486.981406152,146858.72675769,151039.928943336,155221.131128982,159402.333314628,163583.535500273,167764.737685919,171579.314356057,175393.891026196,179208.467696334,183023.044366472,186837.621036611
40.0,50.0,0.0,0.0,0.0,0.0,0.0,0.0,0.0,0.0,0.0,0.0,0.0,0.0,0.0,0.0,0.0,0.0,24680.913070012,49361.826140024,74042.739210036,98723.652280048,123404.56535006,98723.652280048,74042.739210036,49361.826140024,24680.913070012,0.0,0.0,0.0,0.0,0.0,0.0,0.0,0.0,0.0,0.0,0.0
50.0,60.0,0.0,0.0,0.0,0.0,0.0,0.0,0.0,0.0,0.0,0.0,0.0,20417.005393528,40834.010787057,61251.016180585,81668.021574114,102085.026967642,81668.021574114,61251.016180585,40834.010787057,20417.005393528,0.0,0.0,0.0,0.0,0.0,0.0,0.0,0.0,0.0,0.0,0.0,0.0,0.0,0.0,0.0,0.0
60.0,70.0,0.0,0.0,0.0,0.0,0.0,0.0,15619.585484629,31239.170969258,46858.756453887,62478.341938516,78097.927423145,62478.341938516,46858.756453887,31239.170969258,15619.585484629,0.0,0.0,0.0,0.0,0.0,0.0,0.0,0.0,0.0,0.0,0.0,0.0,0.0,0.0,0.0,0.0,29454.43893168,58908.87786336,88363.31679504,117817.75572672,147272.1946584
70.0,80.0,0.0,0.0,0.0,0.0,0.0,0.0,0.0,0.0,0.0,0.0,0.0,0.0,0.0,0.0,0.0,0.0,0.0,0.0,0.0,0.0,0.0,24596.594870937,49193.189741875,73789.784612812,98386.379483749,122982.974354686,125543.385704545,128103.797054404,130664.208404263,133224.619754122,135785.031103981,108628.024883185,81471.018662388,54314.012441592,27157.006220796,0.0
80.0,90.0,0.0,10579.201670302,21158.403340603767,31737.605010906,42316.806681208,52896.008351509,42316.806681208,31737.605010906,21158.403340604,10579.201670302,0.0,19065.110430486,38130.220860971,57195.331291457,76260.441721943,95325.552152429,97889.069811802,100452.587471176,103016.10513055,105579.622789923,108143.140449297,86514.512359437,64885.884269578,43257.256179719,21628.628089859,0.0,0.0,0.0,0.0,0.0,0.0,0.0,0.0,0.0,0.0,0.0
90.0,100.0,207583473.02838284,211663961.45596185,215744449.88354087,219824938.3111199,223905426.73869893,227985915.16627795,231348212.02759966,234710508.88892135,238072805.750243,241435102.61156473,244797399.4728864,247184128.2343158,249570856.9957452,251957585.7571746,254344314.518604,256731043.28003344,257319229.35178193,257907415.42353052,258495601.49527907,259083787.5670276,259671973.63877615,260667753.8657981,261663534.09282002,262659314.31984195,263655094.54686388,264650874.77388582,264858952.84151915,265067030.90915248,265275108.97678587,265483187.04441917,265691265.1120525,265563591.59841937,265435918.08478627,265308244.57115313,265180571.05751997,265052897.54388687
100.0,150.0,74927.973104066,72677.405408706,70426.83771334507,68176.270017985,65925.702322624,63675.134627264,66981.026910783,70286.919194302,73592.811477822,76898.703761341,80204.59604486,64163.676835888,48122.757626916,32081.838417944,16040.919208972,0.0,0.0,0.0,0.0,0.0,0.0,1007031.470656522,2014062.941313045,3021094.411969568,4028125.88262609,5035157.353282613,5128416.540226424,5221675.727170235,5314934.914114047,5408194.101057858,5501453.28800167,5584147.897227717,5666842.506453764,5749537.115679811,5832231.724905858,5914926.334131905
150.0,200.0,0.0,0.0,0.0,0.0,0.0,0.0,690920.760482738,1381841.520965476,2072762.281448214,2763683.041930951,3454603.802413688,3567327.848949052,3680051.895484416,3792775.94201978,3905499.988555144,4018224.035090507,4583916.042814059,5149608.050537611,5715300.058261164,6280992.065984717,6846684.073708269,6005229.953329203,5163775.832950138,4322321.71257107,3480867.592192005,2639413.471812939,2686340.813627562,2733268.155442186,2780195.497256809,2827122.839071432,2874050.180886056,2915709.069306266,2957367.957726476,2999026.846146685,3040685.734566895,3082344.622987104
200.0,250.0,0.0,565393.573324745,1130787.14664949,1696180.719974235,2261574.29329898,2826967.866623725,2631081.549294831,2435195.231965938,2239308.914637046,2043422.597308152,1847536.279979258,1903971.520677349,1960406.76137544,2016842.00207353,2073277.24277162,2129712.483469711,1703769.986775769,1277827.490081827,851884.993387885,425942.496693942,0.0,12817568.229728637,25635136.459457275,38452704.68918591,51270272.91891455,64087841.14864318,76690287.80155587,89292734.45446855,101895181.10738125,114497627.76029393,127100074.4132066,128712549.16889204,130325023.92457744,131937498.68026285,133549973.43594828,135162448.19163367
250.0,300.0,74525024.34891388,76120906.43192692,77716788.51494001,79312670.59795308,80908552.68096614,82504434.76397923,92242162.38016081,101979889.99634239,111717617.61252397,121455345.22870557,131193072.84488718,141665136.05147487,152137199.25806257,162609262.46465027,173081325.67123798,183553388.87782568,185337231.06254077,187121073.2472559,188904915.431971,190688757.61668617,192472599.80140126,164739889.67825732,137007179.5551134,109274469.43196945,81541759.30882552,53809049.18568158,43054192.522691794,32299335.859702002,21544479.19671221,10789622.533722421,34765.870732635,32861.978285877,30958.085839119,29054.193392361,27150.300945602,25246.408498844
300.0,350.0,1203704.846776651,15590134.02098889,29976563.195201132,44362992.36941337,58749421.543625616,73135850.71783786,66376429.12914031,59617007.54044274,52857585.95174518,46098164.36304762,39338742.77435006,31470994.21948005,23603245.66461004,15735497.109740026,7867748.554870015,0.0,5441.03267959,10882.06535918,16323.09803877,21764.13071836,27205.16339795,17502503.84725732,34977802.53111669,52453101.21497606,69928399.89883542,87403698.5826948,87468148.75405236,87532598.92540991,87597049.09676744,87661499.268125,87725949.43948255,87683793.27474038,87641637.1099982,87599480.94525602,87557324.78051385,87515168.61577167
350.0,400.0,80883512.62468,69534743.22031051,58185973.815941006,46837204.41157151,35488435.00720201,24139665.602832504,24342753.65668713,24545841.710541748,24748929.76439637,24952017.818250988,25155105.872105613,25252567.892250057,25350029.9123945,25447491.932538945,25544953.952683393,25642415.972827833,20513932.77826227,15385449.583696702,10256966.389131133,5128483.194565566,0.0,0.0,0.0,0.0,0.0,0.0,0.0,0.0,0.0,0.0,0.0,0.0,0.0,0.0,0.0,0.0
400.0,450.0,0.0,0.0,0.0,0.0,0.0,0.0,0.0,0.0,0.0,0.0,0.0,0.0,0.0,0.0,0.0,0.0,5240807.82097285,10481615.6419457,15722423.46291855,20963231.2838914,26204039.104864247,26312747.950966153,26421456.79706807,26530165.643169977,26638874.48927189,26747583.3353738,26776502.876859117,26805422.41834444,26834341.95982976,26863261.50131508,26892181.042800397,21668754.033591215,16445327.024382034,11221900.015172854,5998473.005963671,775045.996754486
450.0,500.0,0.0,2297.881744124,4595.763488247091,6893.645232371,9191.526976494,11489.408720618,119858.413559082,228227.418397546,336596.42323601,444965.428074475,553334.432912939,563213.099182003,573091.765451068,582970.431720132,592849.097989196,602727.764258261,482182.211406609,361636.658554957,241091.105703304,120545.552851652,0.0,0.0,0.0,0.0,0.0,0.0,0.0,0.0,0.0,0.0,0.0,5218026.74728863,10436053.49457726,15654080.241865892,20872106.98915452,26090133.73644315
500.0,550.0,0.0,96506.490513742,193012.98102748336,289519.471541225,386025.962054967,482532.452568708,386025.962054967,289519.471541225,193012.981027483,96506.490513742,0.0,0.0,0.0,0.0,0.0,0.0,0.0,0.0,0.0,0.0,0.0,0.0,0.0,0.0,0.0,0.0,1844.747205897,3689.494411794,5534.241617691,7378.988823588,9223.736029485,9379.798305876,9535.860582266,9691.922858657,9847.985135047,10004.047411438
550.0,600.0,419502.90148567,335602.321188536,251701.74089140166,167801.160594268,83900.580297134,0.0,0.0,0.0,0.0,0.0,0.0,0.0,0.0,0.0,0.0,0.0,0.0,0.0,0.0,0.0,0.0,1670.821118772,3341.642237544,5012.463356316,6683.284475088,8354.105593859,1357712.196991184,2707070.288388508,4056428.379785832,5405786.471183157,6755144.56258048,6856683.76046498,6958222.958349478,7059762.156233978,7161301.354118477,7262840.552002976
600.0,650.0,0.0,0.0,0.0,0.0,0.0,0.0,0.0,0.0,0.0,0.0,0.0,0.0,0.0,0.0,0.0,0.0,1469.210256531,2938.420513062,4407.630769593,5876.841026124,7346.051282656,1242394.225980644,2477442.400678633,3712490.575376622,4947538.750074612,6182586.9247726,4946069.539818079,3709552.15486356,2473034.76990904,1236517.38495452,0.0,0.0,0.0,0.0,0.0,0.0
650.0,700.0,0.0,718.63415045,1437.2683009005355,2155.902451351,2874.536601801,3593.170752251,2874.536601801,2155.902451351,1437.268300901,718.63415045,0.0,1295.073201203,2590.146402406,3885.219603609,5180.292804812,6475.366006015,1106548.058465201,2206620.750924388,3306693.443383575,4406766.135842763,5506838.828301949,4405471.062641559,3304103.29698117,2202735.53132078,1101367.76566039,0.0,0.0,0.0,0.0,0.0,0.0,0.0,0.0,0.0,0.0,0.0
700.0,750.0,0.0,3782674.833304502,7565349.666609003,11348024.499913504,15130699.333218006,18913374.16652251,15130699.333218006,11348024.499913504,7565349.666609004,3782674.833304502,0.0,986782.296498096,1973564.592996192,2960346.889494288,3947129.185992383,4933911.482490479,3947129.185992383,2960346.889494288,1973564.592996192,986782.296498096,0.0,0.0,0.0,0.0,0.0,0.0,0.0,0.0,0.0,0.0,0.0,0.0,0.0,0.0,0.0,0.0
750.0,800.0,16898781.132537894,13519024.906030316,10139268.679522736,6759512.453015157,3379756.226507578,0.0,4789023.254280373,9578046.508560747,14367069.762841117,19156093.017121494,23945116.27140186,23170540.16098398,22395964.050566092,21621387.940148212,20846811.82973033,20072235.719312448,16057788.575449957,12043341.431587469,8028894.287724978,4014447.143862489,0.0,0.0,0.0,0.0,0.0,0.0,0.0,0.0,0.0,0.0,0.0,0.0,0.0,0.0,0.0,0.0
800.0,850.0,0.0,0.0,0.0,0.0,0.0,0.0,0.0,0.0,0.0,0.0,0.0,0.0,0.0,0.0,0.0,0.0,4005314.365202914,8010628.730405829,12015943.095608743,16021257.460811658,20026571.826014575,20103368.94464085,20180166.063267123,20256963.1818934,20333760.30051968,20410557.419145957,16328445.935316764,12246334.451487573,8164222.967658382,4082111.483829191,0.0,0.0,0.0,0.0,0.0,0.0
850.0,900.0,0.0,694237.536760256,1388475.0735205126,2082712.610280769,2776950.147041025,3471187.683801282,2776950.147041025,2082712.610280769,1388475.073520512,694237.536760256,0.0,0.0,0.0,0.0,0.0,0.0,0.0,0.0,0.0,0.0,0.0,0.0,0.0,0.0,0.0,0.0,4098159.098040387,8196318.196080774,12294477.294121161,16392636.392161548,20490795.490201935,16392636.392161548,12294477.294121161,8196318.196080774,4098159.098040387,0.0
900.0,950.0,0.0,865.077125431,1730.1542508611433,2595.231376292,3460.308501722,4325.385627153,3460.308501722,2595.231376292,1730.154250861,865.077125431,0.0,0.0,0.0,0.0,0.0,0.0,0.0,0.0,0.0,0.0,0.0,0.0,0.0,0.0,0.0,0.0,0.0,0.0,0.0,0.0,0.0,4088312.516134211,8176625.032268422,12264937.548402634,16353250.064536843,20441562.580671053
950.0,1000.0,0.0,0.0,0.0,0.0,0.0,0.0,0.0,0.0,0.0,0.0,0.0,0.0,0.0,0.0,0.0,0.0,0.0,0.0,0.0,0.0,0.0,0.0,0.0,0.0,0.0,0.0,0.0,0.0,0.0,0.0,0.0,0.0,0.0,0.0,0.0,0.0
1000.0,1050.0,0.0,0.0,0.0,0.0,0.0,0.0,0.0,0.0,0.0,0.0,0.0,0.0,0.0,0.0,0.0,0.0,0.0,0.0,0.0,0.0,0.0,0.0,0.0,0.0,0.0,0.0,0.0,0.0,0.0,0.0,0.0,0.0,0.0,0.0,0.0,0.0
1050.0,1100.0,2673515.414296258,2138812.331437006,1604109.2485777552,1069406.165718504,534703.082859252,0.0,0.0,0.0,0.0,0.0,0.0,0.0,0.0,0.0,0.0,0.0,0.0,0.0,0.0,0.0,0.0,0.0,0.0,0.0,0.0,0.0,0.0,0.0,0.0,0.0,0.0,0.0,0.0,0.0,0.0,0.0
1100.0,1150.0,5089.779294436,4071.823435549,3053.8675766617425,2035.911717774,1017.955858887,0.0,0.0,0.0,0.0,0.0,0.0,0.0,0.0,0.0,0.0,0.0,0.0,0.0,0.0,0.0,0.0,0.0,0.0,0.0,0.0,0.0,0.0,0.0,0.0,0.0,0.0,0.0,0.0,0.0,0.0,0.0
1150.0,1200.0,0.0,0.0,0.0,0.0,0.0,0.0,0.0,0.0,0.0,0.0,0.0,0.0,0.0,0.0,0.0,0.0,0.0,0.0,0.0,0.0,0.0,0.0,0.0,0.0,0.0,0.0,0.0,0.0,0.0,0.0,0.0,0.0,0.0,0.0,0.0,0.0
1200.0,1250.0,0.0,0.0,0.0,0.0,0.0,0.0,0.0,0.0,0.0,0.0,0.0,0.0,0.0,0.0,0.0,0.0,0.0,0.0,0.0,0.0,0.0,0.0,0.0,0.0,0.0,0.0,0.0,0.0,0.0,0.0,0.0,0.0,0.0,0.0,0.0,0.0
1250.0,1300.0,0.0,0.0,0.0,0.0,0.0,0.0,0.0,0.0,0.0,0.0,0.0,0.0,0.0,0.0,0.0,0.0,0.0,0.0,0.0,0.0,0.0,0.0,0.0,0.0,0.0,0.0,0.0,0.0,0.0,0.0,0.0,0.0,0.0,0.0,0.0,0.0
1300.0,1350.0,0.0,0.0,0.0,0.0,0.0,0.0,0.0,0.0,0.0,0.0,0.0,0.0,0.0,0.0,0.0,0.0,0.0,0.0,0.0,0.0,0.0,0.0,0.0,0.0,0.0,0.0,0.0,0.0,0.0,0.0,0.0,0.0,0.0,0.0,0.0,0.0
1350.0,1400.0,0.0,0.0,0.0,0.0,0.0,0.0,0.0,0.0,0.0,0.0,0.0,0.0,0.0,0.0,0.0,0.0,0.0,0.0,0.0,0.0,0.0,0.0,0.0,0.0,0.0,0.0,0.0,0.0,0.0,0.0,0.0,0.0,0.0,0.0,0.0,0.0
1400.0,1450.0,0.0,0.0,0.0,0.0,0.0,0.0,0.0,0.0,0.0,0.0,0.0,0.0,0.0,0.0,0.0,0.0,0.0,0.0,0.0,0.0,0.0,0.0,0.0,0.0,0.0,0.0,0.0,0.0,0.0,0.0,0.0,0.0,0.0,0.0,0.0,0.0
1450.0,1500.0,0.0,0.0,0.0,0.0,0.0,0.0,0.0,0.0,0.0,0.0,0.0,0.0,0.0,0.0,0.0,0.0,0.0,0.0,0.0,0.0,0.0,0.0,0.0,0.0,0.0,0.0,0.0,0.0,0.0,0.0,0.0,0.0,0.0,0.0,0.0,0.0
1500.0,1550.0,0.0,0.0,0.0,0.0,0.0,0.0,0.0,0.0,0.0,0.0,0.0,0.0,0.0,0.0,0.0,0.0,0.0,0.0,0.0,0.0,0.0,0.0,0.0,0.0,0.0,0.0,0.0,0.0,0.0,0.0,0.0,0.0,0.0,0.0,0.0,0.0
1550.0,1600.0,0.0,0.0,0.0,0.0,0.0,0.0,0.0,0.0,0.0,0.0,0.0,0.0,0.0,0.0,0.0,0.0,0.0,0.0,0.0,0.0,0.0,0.0,0.0,0.0,0.0,0.0,0.0,0.0,0.0,0.0,0.0,0.0,0.0,0.0,0.0,0.0
,,,,,,,,,,,,,,,,,,,,,,,,,,,,,,,,,,,,,
,,,,,,,,,,,,,,,,,,,,,,,,,,,,,,,,,,,,,
,,,,,,,,,,,,,,,,,,,,,,,,,,,,,,,,,,,,,
,,,,,,,,,,,,,,,,,,,,,,,,,,,,,,,,,,,,,
,,,,,,,,,,,,,,,,,,,,,,,,,,,,,,,,,,,,,
,,,,,,,,,,,,,,,,,,,,,,,,,,,,,,,,,,,,,
